Löporder, Tid (mikrosekund) 
1, 2192
2, 349
3, 263
4, 275
5, 231
6, 224
7, 223
8, 246
9, 217
10, 239
11, 224
12, 231
13, 226
14, 224
15, 233
16, 244
17, 242
18, 243
19, 232
20, 242
21, 222
22, 246
23, 240
24, 252
25, 225
26, 234
27, 232
28, 235
29, 229
30, 235
31, 237
32, 220
33, 232
34, 229
35, 241
36, 230
37, 237
38, 241
39, 225
40, 239
41, 240
42, 229
43, 243
44, 239
45, 225
46, 227
47, 235
48, 229
49, 233
50, 221
51, 223
52, 235
53, 230
54, 228
55, 235
56, 237
57, 231
58, 226
59, 239
60, 249
61, 231
62, 231
63, 458
64, 246
65, 240
66, 232
67, 239
68, 217
69, 228
70, 218
71, 212
72, 210
73, 219
74, 217
75, 222
76, 211
77, 205
78, 206
79, 221
80, 221
81, 216
82, 214
83, 211
84, 211
85, 221
86, 221
87, 212
88, 226
89, 293
90, 244
91, 225
92, 228
93, 225
94, 253
95, 236
96, 229
97, 243
98, 241
99, 236
100, 222
101, 224
102, 277
103, 244
104, 269
105, 240
106, 230
107, 224
108, 275
109, 240
110, 276
111, 245
112, 264
113, 238
114, 257
115, 415
116, 225
117, 231
118, 231
119, 258
120, 225
121, 251
122, 221
123, 256
124, 379
125, 249
126, 233
127, 212
128, 221
129, 216
130, 211
131, 209
132, 248
133, 222
134, 250
135, 215
136, 266
137, 221
138, 258
139, 215
140, 255
141, 225
142, 247
143, 217
144, 265
145, 211
146, 265
147, 212
148, 264
149, 227
150, 253
151, 241
152, 251
153, 233
154, 251
155, 224
156, 239
157, 214
158, 361
159, 201
160, 264
161, 219
162, 225
163, 213
164, 221
165, 225
166, 238
167, 228
168, 226
169, 234
170, 232
171, 228
172, 240
173, 235
174, 233
175, 231
176, 239
177, 238
178, 225
179, 237
180, 237
181, 344
182, 265
183, 236
184, 363
185, 251
186, 250
187, 225
188, 230
189, 235
190, 229
191, 232
192, 234
193, 231
194, 228
195, 224
196, 223
197, 228
198, 219
199, 221
200, 223
201, 235
202, 229
203, 233
204, 236
205, 236
206, 225
207, 233
208, 222
209, 230
210, 229
211, 219
212, 220
213, 225
214, 241
215, 228
216, 225
217, 346
218, 243
219, 246
220, 225
221, 240
222, 234
223, 229
224, 235
225, 240
226, 228
227, 243
228, 237
229, 242
230, 241
231, 247
232, 239
233, 250
234, 234
235, 236
236, 239
237, 242
238, 374
239, 273
240, 239
241, 280
242, 232
243, 268
244, 236
245, 260
246, 229
247, 240
248, 220
249, 248
250, 233
251, 251
252, 230
253, 263
254, 248
255, 268
256, 239
257, 248
258, 235
259, 272
260, 238
261, 268
262, 229
263, 264
264, 234
265, 239
266, 238
267, 269
268, 231
269, 261
270, 234
271, 252
272, 231
273, 260
274, 220
275, 271
276, 231
277, 267
278, 227
279, 249
280, 241
281, 236
282, 245
283, 242
284, 264
285, 235
286, 265
287, 239
288, 268
289, 241
290, 269
291, 243
292, 265
293, 227
294, 266
295, 330
296, 258
297, 270
298, 229
299, 272
300, 235
301, 265
302, 231
303, 269
304, 229
305, 259
306, 220
307, 280
308, 238
309, 261
310, 230
311, 264
312, 219
313, 256
314, 233
315, 251
316, 306
317, 276
318, 243
319, 259
320, 234
321, 233
322, 255
323, 227
324, 265
325, 222
326, 266
327, 234
328, 254
329, 221
330, 265
331, 230
332, 272
333, 238
334, 264
335, 228
336, 268
337, 230
338, 265
339, 219
340, 266
341, 224
342, 265
343, 223
344, 263
345, 291
346, 228
347, 233
348, 264
349, 242
350, 218
351, 435
352, 243
353, 236
354, 224
355, 249
356, 228
357, 256
358, 228
359, 244
360, 213
361, 249
362, 218
363, 256
364, 221
365, 254
366, 214
367, 250
368, 212
369, 254
370, 219
371, 247
372, 214
373, 256
374, 222
375, 244
376, 229
377, 260
378, 209
379, 211
380, 218
381, 225
382, 213
383, 226
384, 216
385, 236
386, 230
387, 238
388, 221
389, 230
390, 211
391, 219
392, 213
393, 229
394, 221
395, 223
396, 218
397, 221
398, 212
399, 214
400, 215
401, 217
402, 221
403, 232
404, 217
405, 207
406, 216
407, 209
408, 406
409, 245
410, 259
411, 223
412, 232
413, 216
414, 264
415, 228
416, 225
417, 244
418, 219
419, 228
420, 233
421, 229
422, 258
423, 223
424, 211
425, 228
426, 222
427, 232
428, 221
429, 218
430, 217
431, 226
432, 224
433, 225
434, 237
435, 227
436, 217
437, 232
438, 235
439, 227
440, 230
441, 231
442, 226
443, 229
444, 215
445, 228
446, 224
447, 222
448, 228
449, 235
450, 334
451, 262
452, 241
453, 230
454, 236
455, 237
456, 238
457, 228
458, 238
459, 237
460, 243
461, 224
462, 222
463, 218
464, 226
465, 380
466, 246
467, 261
468, 227
469, 450
470, 256
471, 217
472, 261
473, 253
474, 227
475, 261
476, 224
477, 258
478, 219
479, 223
480, 252
481, 218
482, 224
483, 262
484, 232
485, 258
486, 226
487, 222
488, 252
489, 224
490, 262
491, 227
492, 263
493, 250
494, 224
495, 254
496, 219
497, 238
498, 214
499, 380
500, 253
501, 274
502, 238
503, 237
504, 269
505, 221
506, 250
507, 228
508, 261
509, 214
510, 226
511, 252
512, 232
513, 257
514, 218
515, 250
516, 225
517, 256
518, 225
519, 259
520, 217
521, 249
522, 417
523, 252
524, 258
525, 218
526, 234
527, 257
528, 230
529, 263
530, 222
531, 264
532, 229
533, 265
534, 231
535, 263
536, 424
537, 355
538, 225
539, 240
540, 219
541, 219
542, 216
543, 248
544, 212
545, 242
546, 218
547, 259
548, 228
549, 258
550, 228
551, 218
552, 236
553, 235
554, 235
555, 216
556, 251
557, 221
558, 243
559, 215
560, 244
561, 224
562, 254
563, 241
564, 226
565, 235
566, 250
567, 234
568, 252
569, 227
570, 254
571, 213
572, 251
573, 220
574, 254
575, 211
576, 254
577, 221
578, 249
579, 366
580, 254
581, 240
582, 203
583, 234
584, 228
585, 230
586, 221
587, 244
588, 227
589, 245
590, 212
591, 246
592, 213
593, 245
594, 1527
595, 240
596, 226
597, 225
598, 259
599, 225
600, 243
