Löporder, Tid (mikrosekund) 
1, 3351
2, 1388
3, 2759
4, 1397
5, 1331
6, 1304
7, 1292
8, 1332
9, 1300
10, 1300
11, 1291
12, 1320
13, 1339
14, 1282
15, 1332
16, 1360
17, 1283
18, 1306
19, 1309
20, 1304
21, 1359
22, 1303
23, 1318
24, 1317
25, 1335
26, 1336
27, 1324
28, 1322
29, 1295
30, 1295
31, 1318
32, 1319
33, 1310
34, 1482
35, 1344
36, 1305
37, 1344
38, 1324
39, 1300
40, 1316
41, 1324
42, 1318
43, 1313
44, 1294
45, 1296
46, 1303
47, 1311
48, 1316
49, 1313
50, 1329
51, 1295
52, 1318
53, 1329
54, 1293
55, 1312
56, 1768
57, 1362
58, 1309
59, 1321
60, 1298
61, 1324
62, 1318
63, 1304
64, 1336
65, 1358
66, 1293
67, 2707
68, 1360
69, 1321
70, 2008
71, 1457
72, 1415
73, 1325
74, 1284
75, 1286
76, 1300
77, 1276
78, 1289
79, 1298
80, 1312
81, 1286
82, 1281
83, 1297
84, 1281
85, 1287
86, 1294
87, 1291
88, 1281
89, 1296
90, 1284
91, 1288
92, 1274
93, 1290
94, 1276
95, 1309
96, 1280
97, 1287
98, 1292
99, 1287
100, 1312
101, 1286
102, 1297
103, 1280
104, 1279
105, 1276
106, 1283
107, 1285
108, 1277
109, 1299
110, 1309
111, 1299
112, 1510
113, 1357
114, 1359
115, 1323
116, 1297
117, 1334
118, 1373
119, 1300
120, 1341
121, 1304
122, 1313
123, 1331
124, 1328
125, 1314
126, 1289
127, 1317
128, 1364
129, 1351
130, 1339
131, 2688
132, 1348
133, 1385
134, 1322
135, 1323
136, 1296
137, 1292
138, 1332
139, 1351
140, 1321
141, 1314
142, 1508
143, 1384
144, 1369
145, 1366
146, 1352
147, 1372
148, 1308
149, 1362
150, 1313
151, 1314
152, 1338
153, 1297
154, 1356
155, 1302
156, 1306
157, 1308
158, 1292
159, 1403
160, 1337
161, 1382
162, 1331
163, 1590
164, 1368
165, 1353
166, 1325
167, 1298
168, 1312
169, 1282
170, 1286
171, 1277
172, 1288
173, 1280
174, 1287
175, 1288
176, 1303
177, 1300
178, 1289
179, 1282
180, 1297
181, 1297
182, 1260
183, 1299
184, 1290
185, 1261
186, 1295
187, 1285
188, 1288
189, 1275
190, 1279
191, 1276
192, 1293
193, 1275
194, 1287
195, 2607
196, 1342
197, 1302
198, 2001
199, 1334
200, 1290
201, 1311
202, 1293
203, 1290
204, 1293
205, 1299
206, 1290
207, 1311
208, 1302
209, 1302
210, 1300
211, 1288
212, 1280
213, 1305
214, 1552
215, 1364
216, 1372
217, 1311
218, 1316
219, 1302
220, 1321
221, 1321
222, 1308
223, 1302
224, 1307
225, 1314
226, 1311
227, 1313
228, 1298
229, 1296
230, 1297
231, 1306
232, 1303
233, 1315
234, 1291
235, 1314
236, 1377
237, 1317
238, 1306
239, 1300
240, 1322
241, 1317
242, 1315
243, 1298
244, 1311
245, 1302
246, 1299
247, 1303
248, 1310
249, 1296
250, 1305
251, 1314
252, 1317
253, 1313
254, 1466
255, 1369
256, 1289
257, 1322
258, 1327
259, 2363
260, 1396
261, 1299
262, 1282
263, 1279
264, 1283
265, 1533
266, 1408
267, 1324
268, 1326
269, 1328
270, 1360
271, 1322
272, 1316
273, 1334
274, 1311
275, 1320
276, 1437
277, 1347
278, 1347
279, 1352
280, 1413
281, 1295
282, 1315
283, 1317
284, 1425
285, 1302
286, 1292
287, 1317
288, 1293
289, 1319
290, 1317
291, 1315
292, 1317
293, 1316
294, 1311
295, 1298
296, 1309
297, 1302
298, 1309
299, 1401
300, 1317
301, 1323
302, 1321
303, 1305
304, 1320
305, 1301
306, 1320
307, 1309
308, 1315
309, 1306
310, 1328
311, 1361
312, 1315
313, 1299
314, 1311
315, 1464
316, 1362
317, 1488
318, 1343
319, 1429
320, 1318
321, 1333
322, 1360
323, 2562
324, 1393
325, 1336
326, 1985
327, 1418
328, 1308
329, 1308
330, 1308
331, 1336
332, 1305
333, 1333
334, 1338
335, 1347
336, 1324
337, 1355
338, 1318
339, 1321
340, 1295
341, 1308
342, 1313
343, 1325
344, 1283
345, 1325
346, 1304
347, 1294
348, 1307
349, 1306
350, 1313
351, 1331
352, 1306
353, 1292
354, 1323
355, 1302
356, 1298
357, 1303
358, 1306
359, 1309
360, 1298
361, 1323
362, 1317
363, 1305
364, 1316
365, 1287
366, 1308
367, 1323
368, 1549
369, 1370
370, 1302
371, 1328
372, 1312
373, 1363
374, 1352
375, 1342
376, 1303
377, 1305
378, 1271
379, 1435
380, 1356
381, 1343
382, 1332
383, 1316
384, 1284
385, 1322
386, 1309
387, 2407
388, 1349
389, 1312
390, 1317
391, 1344
392, 1307
393, 1322
394, 1325
395, 1298
396, 1324
397, 1334
398, 1334
399, 1321
400, 1320
401, 1328
402, 1296
403, 1327
404, 1313
405, 1307
406, 1310
407, 1332
408, 1314
409, 1302
410, 1322
411, 1294
412, 1329
413, 1304
414, 1333
415, 1324
416, 1302
417, 1389
418, 1329
419, 1531
420, 1373
421, 1334
422, 3514
423, 2791
424, 457
425, 465
426, 270
427, 243
428, 252
429, 246
430, 242
431, 244
432, 264
433, 256
434, 247
435, 247
436, 250
437, 250
438, 263
439, 272
440, 248
441, 259
442, 263
443, 335
444, 266
445, 260
446, 247
447, 263
448, 264
449, 259
450, 296
451, 254
452, 251
453, 262
454, 259
455, 259
456, 250
457, 5476
458, 297
459, 233
460, 246
461, 232
462, 234
463, 233
464, 237
465, 243
466, 255
467, 240
468, 233
469, 230
470, 232
471, 232
472, 235
473, 228
474, 226
475, 476
476, 270
477, 239
478, 241
479, 243
480, 242
481, 245
482, 255
483, 250
484, 238
485, 242
486, 241
487, 234
488, 238
489, 239
490, 241
491, 243
492, 238
493, 238
494, 241
495, 239
496, 245
497, 235
498, 235
499, 239
500, 244
501, 245
502, 245
503, 247
504, 243
505, 246
506, 253
507, 245
508, 247
509, 237
510, 239
511, 235
512, 236
513, 233
514, 237
515, 233
516, 236
517, 236
518, 238
519, 237
520, 236
521, 238
522, 239
523, 239
524, 242
525, 246
526, 253
527, 260
528, 250
529, 241
530, 237
531, 256
532, 418
533, 285
534, 243
535, 249
536, 251
537, 248
538, 259
539, 246
540, 251
541, 243
542, 246
543, 248
544, 254
545, 248
546, 245
547, 243
548, 259
549, 253
550, 245
551, 246
552, 245
553, 242
554, 253
555, 257
556, 245
557, 251
558, 250
559, 246
560, 244
561, 242
562, 257
563, 246
564, 243
565, 240
566, 245
567, 244
568, 244
569, 246
570, 246
571, 349
572, 267
573, 248
574, 248
575, 254
576, 261
577, 263
578, 246
579, 247
580, 257
581, 247
582, 247
583, 253
584, 259
585, 259
586, 249
587, 251
588, 261
589, 440
590, 263
591, 263
592, 237
593, 238
594, 239
595, 240
596, 240
597, 245
598, 245
599, 228
600, 230
