Löporder, Tid (mikrosekund) 
1, 5021
2, 284
3, 159
4, 161
5, 153
6, 170
7, 155
8, 161
9, 156
10, 166
11, 168
12, 158
13, 170
14, 159
15, 167
16, 164
17, 154
18, 154
19, 150
20, 157
21, 157
22, 152
23, 149
24, 154
25, 161
26, 153
27, 162
28, 158
29, 164
30, 158
31, 159
32, 286
33, 158
34, 183
35, 162
36, 165
37, 154
38, 180
39, 159
40, 176
41, 154
42, 164
43, 158
44, 177
45, 149
46, 144
47, 148
48, 148
49, 147
50, 155
51, 151
52, 149
53, 159
54, 161
55, 156
56, 150
57, 150
58, 150
59, 158
60, 271
61, 162
62, 154
63, 255
64, 185
65, 172
66, 182
67, 170
68, 186
69, 176
70, 164
71, 167
72, 160
73, 172
74, 158
75, 157
76, 160
77, 157
78, 156
79, 165
80, 169
81, 166
82, 157
83, 163
84, 149
85, 178
86, 158
87, 153
88, 159
89, 173
90, 155
91, 156
92, 225
93, 176
94, 165
95, 162
96, 161
97, 154
98, 148
99, 155
100, 143
101, 154
102, 145
103, 145
104, 155
105, 139
106, 144
107, 151
108, 151
109, 146
110, 153
111, 151
112, 151
113, 160
114, 156
115, 155
116, 141
117, 156
118, 144
119, 299
120, 299
121, 144
122, 153
123, 139
124, 355
125, 197
126, 155
127, 141
128, 161
129, 139
130, 139
131, 139
132, 139
133, 158
134, 150
135, 154
136, 185
137, 178
138, 155
139, 169
140, 354
141, 176
142, 168
143, 166
144, 161
145, 165
146, 163
147, 164
148, 159
149, 163
150, 160
151, 164
152, 161
153, 169
154, 160
155, 166
156, 161
157, 163
158, 160
159, 164
160, 159
161, 163
162, 160
163, 183
164, 170
165, 157
166, 157
167, 171
168, 192
169, 168
170, 186
171, 189
172, 146
173, 157
174, 158
175, 157
176, 157
177, 158
178, 157
179, 159
180, 150
181, 280
182, 181
183, 145
184, 141
185, 142
186, 139
187, 144
188, 143
189, 158
190, 146
191, 150
192, 146
193, 148
194, 264
195, 141
196, 162
197, 183
198, 161
199, 188
200, 148
201, 148
202, 158
203, 140
204, 170
205, 162
206, 145
207, 154
208, 142
209, 176
210, 150
211, 146
212, 144
213, 147
214, 145
215, 219
216, 161
217, 167
218, 160
219, 159
220, 158
221, 156
222, 154
223, 145
224, 144
225, 147
226, 144
227, 147
228, 156
229, 146
230, 155
231, 144
232, 144
233, 147
234, 141
235, 144
236, 145
237, 153
238, 248
239, 171
240, 128
241, 142
242, 147
243, 140
244, 145
245, 146
246, 145
247, 137
248, 154
249, 141
250, 155
251, 136
252, 144
253, 155
254, 147
255, 153
256, 150
257, 148
258, 149
259, 140
260, 146
261, 145
262, 143
263, 138
264, 144
265, 141
266, 149
267, 137
268, 146
269, 149
270, 203
271, 159
272, 144
273, 155
274, 154
275, 147
276, 145
277, 145
278, 147
279, 143
280, 143
281, 144
282, 148
283, 144
284, 144
285, 144
286, 148
287, 146
288, 148
289, 145
290, 152
291, 142
292, 144
293, 143
294, 139
295, 244
296, 203
297, 156
298, 151
299, 157
300, 151
301, 152
302, 141
303, 138
304, 154
305, 157
306, 150
307, 155
308, 152
309, 160
310, 146
311, 157
312, 148
313, 158
314, 147
315, 145
316, 147
317, 158
318, 140
319, 157
320, 147
321, 159
322, 149
323, 156
324, 153
325, 174
326, 149
327, 166
328, 161
329, 152
330, 220
331, 305
332, 172
333, 340
334, 176
335, 168
336, 166
337, 143
338, 142
339, 147
340, 141
341, 138
342, 139
343, 139
344, 129
345, 138
346, 135
347, 140
348, 138
349, 140
350, 138
351, 841
352, 368
353, 296
354, 291
355, 261
356, 254
357, 264
358, 227
359, 232
360, 269
361, 236
362, 220
363, 194
364, 155
365, 168
366, 157
367, 149
368, 152
369, 151
370, 148
371, 151
372, 144
373, 151
374, 156
375, 154
376, 153
377, 154
378, 151
379, 152
380, 154
381, 144
382, 144
383, 146
384, 152
385, 145
386, 146
387, 143
388, 148
389, 153
390, 148
391, 142
392, 148
393, 152
394, 153
395, 150
396, 154
397, 149
398, 148
399, 147
400, 151
401, 152
402, 151
403, 154
404, 142
405, 150
406, 162
407, 150
408, 478
409, 328
410, 194
411, 176
412, 153
413, 158
414, 149
415, 148
416, 143
417, 148
418, 140
419, 147
420, 144
421, 141
422, 142
423, 145
424, 168
425, 166
426, 159
427, 152
428, 141
429, 147
430, 151
431, 146
432, 143
433, 142
434, 136
435, 144
436, 141
437, 141
438, 144
439, 145
440, 142
441, 141
442, 141
443, 143
444, 142
445, 140
446, 145
447, 140
448, 145
449, 142
450, 143
451, 143
452, 140
453, 143
454, 141
455, 143
456, 144
457, 144
458, 143
459, 141
460, 141
461, 147
462, 143
463, 142
464, 145
465, 788
466, 200
467, 169
468, 169
469, 151
470, 156
471, 158
472, 152
473, 157
474, 147
475, 165
476, 146
477, 148
478, 142
479, 147
480, 144
481, 143
482, 148
483, 148
484, 142
485, 145
486, 145
487, 145
488, 150
489, 147
490, 144
491, 151
492, 148
493, 143
494, 149
495, 147
496, 142
497, 151
498, 143
499, 146
500, 148
501, 145
502, 147
503, 149
504, 146
505, 147
506, 148
507, 146
508, 147
509, 153
510, 144
511, 146
512, 149
513, 151
514, 142
515, 149
516, 148
517, 148
518, 149
519, 146
520, 142
521, 148
522, 326
523, 162
524, 156
525, 151
526, 150
527, 156
528, 149
529, 145
530, 144
531, 142
532, 145
533, 142
534, 160
535, 145
536, 143
537, 143
538, 143
539, 141
540, 142
541, 144
542, 140
543, 142
544, 145
545, 142
546, 146
547, 148
548, 142
549, 142
550, 150
551, 142
552, 144
553, 144
554, 141
555, 147
556, 143
557, 141
558, 142
559, 146
560, 141
561, 150
562, 153
563, 141
564, 147
565, 143
566, 141
567, 143
568, 142
569, 147
570, 142
571, 145
572, 141
573, 143
574, 146
575, 140
576, 142
577, 149
578, 140
579, 1149
580, 527
581, 272
582, 217
583, 243
584, 228
585, 216
586, 219
587, 183
588, 152
589, 147
590, 136
591, 145
592, 136
593, 134
594, 130
595, 141
596, 142
597, 138
598, 133
599, 138
600, 137
