Löporder, Tid (mikrosekund) 
1, 4982
2, 604
3, 153
4, 89
5, 87
6, 86
7, 86
8, 87
9, 91
10, 87
11, 92
12, 90
13, 90
14, 90
15, 87
16, 87
17, 88
18, 90
19, 88
20, 89
21, 88
22, 102
23, 95
24, 88
25, 91
26, 88
27, 91
28, 87
29, 88
30, 93
31, 93
32, 86
33, 92
34, 90
35, 88
36, 88
37, 88
38, 90
39, 90
40, 91
41, 94
42, 87
43, 93
44, 88
45, 89
46, 91
47, 94
48, 88
49, 87
50, 104
51, 86
52, 116
53, 91
54, 94
55, 91
56, 85
57, 88
58, 88
59, 89
60, 89
61, 91
62, 86
63, 88
64, 89
65, 87
66, 88
67, 91
68, 88
69, 86
70, 88
71, 282
72, 95
73, 87
74, 87
75, 89
76, 88
77, 97
78, 89
79, 88
80, 90
81, 90
82, 141
83, 97
84, 96
85, 89
86, 88
87, 89
88, 95
89, 88
90, 96
91, 89
92, 94
93, 95
94, 101
95, 99
96, 90
97, 101
98, 92
99, 97
100, 87
101, 90
102, 95
103, 88
104, 96
105, 88
106, 88
107, 88
108, 86
109, 87
110, 90
111, 90
112, 105
113, 99
114, 87
115, 89
116, 88
117, 89
118, 88
119, 90
120, 87
121, 89
122, 90
123, 96
124, 88
125, 88
126, 88
127, 97
128, 87
129, 92
130, 96
131, 88
132, 86
133, 89
134, 87
135, 89
136, 97
137, 88
138, 180
139, 99
140, 89
141, 91
142, 105
143, 88
144, 87
145, 97
146, 90
147, 90
148, 87
149, 88
150, 87
151, 89
152, 90
153, 86
154, 97
155, 102
156, 92
157, 89
158, 95
159, 90
160, 89
161, 96
162, 101
163, 98
164, 92
165, 89
166, 96
167, 88
168, 90
169, 88
170, 97
171, 90
172, 106
173, 90
174, 95
175, 90
176, 88
177, 90
178, 99
179, 90
180, 89
181, 123
182, 90
183, 90
184, 96
185, 92
186, 90
187, 88
188, 90
189, 88
190, 97
191, 89
192, 95
193, 96
194, 89
195, 91
196, 91
197, 88
198, 90
199, 88
200, 97
201, 157
202, 108
203, 92
204, 89
205, 97
206, 88
207, 89
208, 90
209, 95
210, 94
211, 88
212, 88
213, 95
214, 94
215, 89
216, 90
217, 89
218, 90
219, 95
220, 90
221, 90
222, 88
223, 96
224, 87
225, 98
226, 91
227, 88
228, 91
229, 89
230, 88
231, 87
232, 100
233, 93
234, 91
235, 88
236, 88
237, 87
238, 88
239, 90
240, 9907
241, 95
242, 95
243, 90
244, 90
245, 98
246, 94
247, 91
248, 98
249, 92
250, 94
251, 96
252, 96
253, 96
254, 93
255, 91
256, 93
257, 102
258, 91
259, 90
260, 88
261, 108
262, 92
263, 99
264, 290
265, 92
266, 91
267, 88
268, 90
269, 88
270, 90
271, 85
272, 88
273, 90
274, 93
275, 87
276, 86
277, 86
278, 87
279, 91
280, 89
281, 88
282, 89
283, 86
284, 87
285, 88
286, 87
287, 104
288, 90
289, 90
290, 90
291, 89
292, 85
293, 93
294, 92
295, 90
296, 88
297, 91
298, 90
299, 93
300, 94
301, 90
302, 89
303, 89
304, 92
305, 91
306, 88
307, 90
308, 90
309, 89
310, 88
311, 89
312, 90
313, 90
314, 88
315, 89
316, 89
317, 97
318, 88
319, 87
320, 87
321, 88
322, 95
323, 89
324, 93
325, 87
326, 90
327, 93
328, 111
329, 89
330, 87
331, 89
332, 88
333, 88
334, 87
335, 88
336, 87
337, 87
338, 89
339, 87
340, 90
341, 92
342, 87
343, 87
344, 87
345, 90
346, 88
347, 102
348, 89
349, 90
350, 91
351, 90
352, 89
353, 87
354, 90
355, 88
356, 89
357, 91
358, 90
359, 90
360, 90
361, 90
362, 92
363, 88
364, 89
365, 86
366, 88
367, 85
368, 88
369, 88
370, 89
371, 87
372, 88
373, 90
374, 89
375, 93
376, 88
377, 103
378, 88
379, 87
380, 89
381, 92
382, 91
383, 87
384, 89
385, 93
386, 89
387, 97
388, 88
389, 88
390, 96
391, 89
392, 899
393, 165
394, 104
395, 102
396, 104
397, 106
398, 104
399, 103
400, 101
401, 99
402, 104
403, 104
404, 104
405, 138
406, 102
407, 101
408, 99
409, 98
410, 101
411, 100
412, 109
413, 98
414, 102
415, 99
416, 98
417, 104
418, 99
419, 102
420, 100
421, 96
422, 102
423, 102
424, 97
425, 101
426, 97
427, 101
428, 99
429, 102
430, 103
431, 101
432, 103
433, 114
434, 100
435, 103
436, 100
437, 99
438, 101
439, 103
440, 101
441, 98
442, 99
443, 104
444, 98
445, 100
446, 97
447, 102
448, 98
449, 101
450, 163
451, 99
452, 109
453, 98
454, 101
455, 100
456, 97
457, 101
458, 101
459, 102
460, 100
461, 113
462, 102
463, 99
464, 103
465, 109
466, 100
467, 102
468, 99
469, 99
470, 99
471, 101
472, 101
473, 98
474, 100
475, 102
476, 102
477, 100
478, 99
479, 102
480, 99
481, 103
482, 102
483, 103
484, 102
485, 101
486, 99
487, 103
488, 106
489, 109
490, 98
491, 100
492, 102
493, 104
494, 103
495, 100
496, 102
497, 100
498, 103
499, 103
500, 104
501, 102
502, 96
503, 99
504, 109
505, 101
506, 100
507, 99
508, 98
509, 832
510, 182
511, 105
512, 113
513, 105
514, 103
515, 105
516, 104
517, 121
518, 102
519, 101
520, 103
521, 104
522, 101
523, 103
524, 99
525, 99
526, 103
527, 103
528, 105
529, 97
530, 99
531, 103
532, 103
533, 102
534, 102
535, 96
536, 98
537, 98
538, 98
539, 99
540, 104
541, 98
542, 99
543, 99
544, 101
545, 107
546, 99
547, 104
548, 97
549, 101
550, 104
551, 96
552, 99
553, 102
554, 101
555, 102
556, 103
557, 100
558, 100
559, 98
560, 98
561, 100
562, 96
563, 104
564, 98
565, 99
566, 106
567, 104
568, 251
569, 98
570, 100
571, 103
572, 96
573, 110
574, 99
575, 99
576, 101
577, 100
578, 99
579, 100
580, 98
581, 98
582, 104
583, 98
584, 99
585, 98
586, 101
587, 99
588, 98
589, 108
590, 97
591, 101
592, 99
593, 98
594, 99
595, 97
596, 98
597, 100
598, 101
599, 99
600, 104
