Löporder, Tid (mikrosekund) 
1, 65105296
2, 54295101
3, 46878386
4, 41780324
5, 52705898
6, 42405436
7, 44540783
8, 45907048
9, 42905630
10, 42489761
11, 41329453
12, 42584516
13, 42481045
14, 42345729
15, 42496837
16, 43214660
17, 42882756
18, 43049933
19, 43484209
20, 42075871
21, 44409096
22, 52673816
23, 72629703
24, 62840080
25, 62612879
26, 52305244
27, 43512985
28, 44858551
29, 42755451
30, 42679505
31, 51947692
32, 43276366
33, 42860368
34, 41793819
35, 42447703
36, 42077854
37, 42346417
38, 48949155
39, 42722052
40, 44409954
41, 41607178
42, 43122592
43, 41892937
44, 41848946
45, 42665199
46, 43422470
47, 43909120
48, 42698174
49, 42332715
50, 59179094
51, 42128452
52, 42336974
53, 42918470
54, 43763108
55, 41478661
56, 42057419
57, 41958306
58, 42352186
59, 43034622
60, 44380100
61, 43815479
62, 42606697
63, 43482157
64, 42016580
65, 43621144
66, 48422522
67, 40327960
68, 41399078
69, 41852758
70, 41145556
71, 40963690
72, 40249711
73, 42891670
74, 42426890
75, 41437020
76, 40722606
77, 40153716
78, 41350603
79, 40531544
80, 41750609
81, 41232975
82, 40445237
83, 41659828
84, 40413117
85, 43210801
86, 43535691
87, 43618825
88, 43893783
89, 41549191
90, 48184279
91, 50806961
92, 40799537
93, 39906424
94, 40871077
95, 41122554
96, 41052821
97, 41650514
98, 41003581
99, 42248763
100, 41082514
101, 41549513
102, 41947998
103, 41942168
104, 42226776
105, 41797636
106, 40984013
107, 41212187
108, 40380850
109, 42476161
110, 41494077
111, 41525477
112, 40756604
113, 41515630
114, 40573120
115, 41596732
116, 42359089
117, 42892650
118, 41715960
119, 41207495
120, 42242500
121, 42152276
122, 40625505
123, 41011687
124, 43013385
125, 41336788
126, 41935982
127, 66120465
128, 41615061
129, 40497641
130, 42202269
131, 41791009
132, 42844086
133, 41321617
134, 41925318
135, 40766078
136, 41581566
137, 51392405
138, 58434144
139, 64192363
140, 48817317
141, 46782587
142, 53174505
143, 50833229
144, 42137900
145, 63063525
146, 62605593
147, 53240512
148, 41781461
149, 42435352
150, 40657393
151, 42715590
152, 41319651
153, 44510601
154, 51578981
155, 41913286
156, 41902716
157, 41535247
158, 41552587
159, 40165734
160, 47229559
161, 42688996
162, 40429169
163, 41113884
164, 58916115
165, 42642691
166, 40910882
167, 41475003
168, 41173349
169, 41463502
170, 42689875
171, 41275438
172, 42202372
173, 40674047
174, 41865442
175, 41729565
176, 42506515
177, 41587466
178, 41882752
179, 41154641
180, 41114572
181, 41263794
182, 41822302
183, 40685961
184, 43199862
185, 40920785
186, 41610006
187, 41560095
188, 49007963
189, 41414647
190, 41534269
191, 42999800
192, 40811498
193, 41613210
194, 42275016
195, 41543101
196, 42628419
197, 43187499
198, 42741764
199, 41210301
200, 61845515
201, 41792833
202, 42029759
203, 41766395
204, 41040641
205, 41612414
206, 40661755
207, 41911011
208, 40616046
209, 40876741
210, 41771697
211, 41526103
212, 43953925
213, 40698087
214, 40444473
215, 41027779
216, 40550011
217, 41376813
218, 41155733
219, 41874632
220, 40614128
221, 41548274
222, 41259574
223, 41435560
224, 43266340
225, 41184275
226, 41345560
227, 43999005
228, 42528863
229, 42928223
230, 41331058
231, 41978932
232, 40272335
233, 41260422
234, 44522384
235, 42124788
236, 41412928
237, 40446504
238, 63036601
239, 44878903
240, 41133827
241, 42101564
242, 41345109
243, 41920747
244, 41693238
245, 42466504
246, 40874385
247, 42329966
248, 40786733
249, 48319216
250, 41745017
251, 44134320
252, 56758748
253, 58536766
254, 60501979
255, 42617262
256, 42590144
257, 45880988
258, 52052552
259, 49480181
260, 43728388
261, 44124282
262, 42908370
263, 41543031
264, 54325878
265, 42333508
266, 42354172
267, 43678034
268, 42807813
269, 42024931
270, 42738111
271, 50381777
272, 41613973
273, 45280696
274, 54228557
275, 42734871
276, 45082859
277, 41590643
278, 42182665
279, 41322157
280, 42526997
281, 42009534
282, 41037035
283, 41414097
284, 41218719
285, 41930428
286, 41468345
287, 41933983
288, 41672281
289, 40584575
290, 42784911
291, 41768667
292, 41501291
293, 41042611
294, 41500477
295, 43700369
296, 42083749
297, 42195172
298, 41439022
299, 40786508
300, 42188360
301, 41341498
302, 42064383
303, 42967210
304, 42222293
305, 41054037
306, 41153943
307, 43773183
308, 42527392
309, 43439719
310, 48779744
311, 67270034
312, 53167247
313, 49808899
314, 41017149
315, 42109650
316, 39885933
317, 40434762
318, 40564750
319, 41284923
320, 41233627
321, 40827355
322, 42542062
323, 40376545
324, 40678153
325, 41235175
326, 41255687
327, 40622310
328, 40340312
329, 40259907
330, 41475073
331, 40340473
332, 41467501
333, 40453924
334, 41552051
335, 42237730
336, 40275382
337, 43484634
338, 41820571
339, 41461073
340, 41010262
341, 41064854
342, 41775971
343, 42912836
344, 41616185
345, 41255539
346, 54781331
347, 47301401
348, 40020436
349, 41783450
350, 41772239
351, 42284156
352, 41052991
353, 41130702
354, 40794103
355, 41039638
356, 41950748
357, 40504208
358, 40885793
359, 40633745
360, 40578837
361, 42452000
362, 41782805
363, 41729644
364, 39942421
365, 41649528
366, 43213129
367, 52052080
368, 57154267
369, 61730720
370, 46260674
371, 40928568
372, 45175955
373, 42616824
374, 46340620
375, 52495834
376, 45749918
377, 41006142
378, 43692280
379, 40652189
380, 43092680
381, 53040815
382, 40750398
383, 48511048
384, 53555989
385, 42264824
386, 40821879
387, 40937014
388, 49591804
389, 40494788
390, 41278439
391, 45746798
392, 41822239
393, 39958379
394, 41826869
395, 41290816
396, 41077565
397, 40739608
398, 40659960
399, 42390127
400, 40135755
401, 40387808
402, 40339980
403, 39641628
404, 41423214
405, 40852441
406, 42137504
407, 40901786
408, 41358132
409, 41506040
410, 41499791
411, 40536215
412, 41351852
413, 40608961
414, 41631669
415, 40614593
416, 41069230
417, 40610542
418, 41248894
419, 53393551
420, 46561962
421, 41913092
422, 40995670
423, 41266972
424, 40331667
425, 40209736
426, 41041120
427, 40452467
428, 40647575
429, 41207675
430, 41869991
431, 40639802
432, 42404645
433, 42837872
434, 41284488
435, 45514188
436, 40292467
437, 41177661
438, 41430627
439, 39247414
440, 40726224
441, 40078637
442, 40372654
443, 41323279
444, 42677361
445, 40654412
446, 40157377
447, 41931547
448, 40548304
449, 40670550
450, 41398880
451, 40637152
452, 41130200
453, 40882522
454, 41902869
455, 41863809
456, 42032518
457, 53829711
458, 47276160
459, 42089307
460, 40911191
461, 40409513
462, 40485242
463, 39645946
464, 40726008
465, 40180496
466, 40753870
467, 41549287
468, 40889351
469, 40979979
470, 40779060
471, 41497073
472, 41100162
473, 40013498
474, 41536221
475, 40711597
476, 41230715
477, 40575069
478, 42321996
479, 41579751
480, 41880902
481, 41543387
482, 42130962
483, 41207991
484, 43675804
485, 56900536
486, 58650981
487, 59969523
488, 41017376
489, 43344529
490, 42778879
491, 40761936
492, 56458310
493, 54919332
494, 55246302
495, 43063740
496, 44090396
497, 41064416
498, 44246586
499, 44329239
500, 45868571
501, 42906659
502, 40604101
503, 42083373
504, 41762538
505, 42349731
506, 45035142
507, 43863504
508, 42088296
509, 40602488
510, 40690843
511, 40300354
512, 40807334
513, 41445642
514, 40501082
515, 41158272
516, 40936223
517, 40391911
518, 41094244
519, 42703050
520, 43311660
521, 40939277
522, 40881785
523, 41174693
524, 40599898
525, 41877792
526, 42272304
527, 41574510
528, 42293154
529, 41633094
530, 55257305
531, 43610400
532, 40487399
533, 42656367
534, 40743389
535, 40892603
536, 40656382
537, 42129816
538, 40945619
539, 41331621
540, 40593622
541, 40369971
542, 40734838
543, 41042283
544, 40607391
545, 41320416
546, 40065710
547, 40615673
548, 41916720
549, 41785947
550, 40720342
551, 41115828
552, 41573171
553, 40932612
554, 40978374
555, 40930660
556, 41104429
557, 41949875
558, 42250636
559, 39822329
560, 41376382
561, 52292107
562, 42769060
563, 45474668
564, 41605906
565, 39592641
566, 61060031
567, 40677199
568, 40928545
569, 41172952
570, 41219835
571, 40729092
572, 40732847
573, 46464161
574, 42294573
575, 41170012
576, 41482273
577, 41585005
578, 40824333
579, 39898462
580, 40093030
581, 41324087
582, 40258935
583, 41184859
584, 41057522
585, 41041301
586, 40131216
587, 40241575
588, 39454662
589, 40389700
590, 42371150
591, 40959788
592, 41233208
593, 41475217
594, 41042511
595, 41082217
596, 40195116
597, 41340614
598, 41324109
599, 41358262
600, 41588359
