Löporder, Tid (mikrosekund) 
1, 56799
2, 14570
3, 7442
4, 1337
5, 1202
6, 1182
7, 1182
8, 1164
9, 1148
10, 1181
11, 1165
12, 1132
13, 1138
14, 1132
15, 1157
16, 1164
17, 1159
18, 1134
19, 1133
20, 1124
21, 1126
22, 1132
23, 1132
24, 1154
25, 1142
26, 1129
27, 1142
28, 13207
29, 1290
30, 1169
31, 1142
32, 1135
33, 2023
34, 1308
35, 1161
36, 1140
37, 1182
38, 1138
39, 1147
40, 1126
41, 1126
42, 1137
43, 1153
44, 1133
45, 1133
46, 1121
47, 1127
48, 1119
49, 1119
50, 1117
51, 1121
52, 1119
53, 1122
54, 1116
55, 1123
56, 1941
57, 1316
58, 1342
59, 1234
60, 1198
61, 1204
62, 1159
63, 1142
64, 1173
65, 1153
66, 1190
67, 1181
68, 1162
69, 1157
70, 1240
71, 1219
72, 1182
73, 1201
74, 1204
75, 1206
76, 1220
77, 1216
78, 1203
79, 1197
80, 1203
81, 1187
82, 1216
83, 1190
84, 1223
85, 1209
86, 1209
87, 1221
88, 9432
89, 1557
90, 1201
91, 1160
92, 1150
93, 1153
94, 1347
95, 1226
96, 1213
97, 1193
98, 1196
99, 1226
100, 1205
101, 1168
102, 1174
103, 1167
104, 1158
105, 1161
106, 1299
107, 1228
108, 1188
109, 1223
110, 1233
111, 1471
112, 1240
113, 1202
114, 1168
115, 1179
116, 1169
117, 1165
118, 1167
119, 1162
120, 1171
121, 1297
122, 1209
123, 1193
124, 1174
125, 1173
126, 1182
127, 1202
128, 1178
129, 1195
130, 1197
131, 1189
132, 1189
133, 1184
134, 1373
135, 1225
136, 1208
137, 1348
138, 1245
139, 1214
140, 1224
141, 1263
142, 1227
143, 1255
144, 1243
145, 1251
146, 1226
147, 1257
148, 2435
149, 1380
150, 1263
151, 1252
152, 1220
153, 1268
154, 1223
155, 1243
156, 1212
157, 1255
158, 1236
159, 1213
160, 1235
161, 1944
162, 1242
163, 4532
164, 2361
165, 2132
166, 2119
167, 2190
168, 2121
169, 2086
170, 2097
171, 2075
172, 2064
173, 2021
174, 1874
175, 2061
176, 1946
177, 1992
178, 2090
179, 1928
180, 2034
181, 1939
182, 1990
183, 2196
184, 2325
185, 2064
186, 2271
187, 2092
188, 1961
189, 1866
190, 1940
191, 1887
192, 1927
193, 2096
194, 1982
195, 1928
196, 2011
197, 1952
198, 1979
199, 2086
200, 2157
201, 2102
202, 2052
203, 10449
204, 2158
205, 2586
206, 2121
207, 2115
208, 5387
209, 2165
210, 2259
211, 2246
212, 2115
213, 10509
214, 3834
215, 2557
216, 2320
217, 2316
218, 2393
219, 2277
220, 1973
221, 1995
222, 2026
223, 1964
224, 1966
225, 2037
226, 2004
227, 1938
228, 1967
229, 2013
230, 1930
231, 2029
232, 2059
233, 1953
234, 1974
235, 1975
236, 1937
237, 1995
238, 1949
239, 1983
240, 1991
241, 1990
242, 1942
243, 1951
244, 2002
245, 1979
246, 2001
247, 1970
248, 1953
249, 2008
250, 1973
251, 1949
252, 1917
253, 1964
254, 1967
255, 1987
256, 1977
257, 1960
258, 1941
259, 1957
260, 1968
261, 1956
262, 1828
263, 2144
264, 1958
265, 3957
266, 11243
267, 2577
268, 10959
269, 33009
270, 2381
271, 2117
272, 2090
273, 2023
274, 2049
275, 2066
276, 2039
277, 2037
278, 2004
279, 2046
280, 2014
281, 1967
282, 2073
283, 2041
284, 1986
285, 1988
286, 2037
287, 2023
288, 2164
289, 3712
290, 2038
291, 2041
292, 2046
293, 2106
294, 2067
295, 2077
296, 2048
297, 2132
298, 2082
299, 2031
300, 2060
301, 1974
302, 2003
303, 2026
304, 2025
305, 1998
306, 1990
307, 2012
308, 1965
309, 2046
310, 1954
311, 1982
312, 1358
313, 1192
314, 1209
315, 1228
316, 3974
317, 2740
318, 2488
319, 2462
320, 2712
321, 2150
322, 2027
323, 2055
324, 2002
325, 2096
326, 2043
327, 2115
328, 1980
329, 2115
330, 5965
331, 2116
332, 2022
333, 2059
334, 2052
335, 2014
336, 2047
337, 2025
338, 2016
339, 2000
340, 2002
341, 2015
342, 2040
343, 2053
344, 2100
345, 2048
346, 2017
347, 1973
348, 2074
349, 2055
350, 2019
351, 2077
352, 1987
353, 2017
354, 2021
355, 2087
356, 2071
357, 2061
358, 2026
359, 2029
360, 2033
361, 2071
362, 2017
363, 2056
364, 2025
365, 1828
366, 2090
367, 4246
368, 1485
369, 1325
370, 1221
371, 1233
372, 1242
373, 1204
374, 1208
375, 1215
376, 1215
377, 1236
378, 1240
379, 1211
380, 1207
381, 1206
382, 1211
383, 1213
384, 1216
385, 1243
386, 1240
387, 1248
388, 1228
389, 1264
390, 1246
391, 7002
392, 1434
393, 1342
394, 1286
395, 1239
396, 1243
397, 1203
398, 1217
399, 1203
400, 1201
401, 1183
402, 1212
403, 1206
404, 1193
405, 1194
406, 1206
407, 1193
408, 1192
409, 1385
410, 1236
411, 1242
412, 1238
413, 1236
414, 1242
415, 1391
416, 1225
417, 2495
418, 1558
419, 1294
420, 1216
421, 1172
422, 1144
423, 1144
424, 1144
425, 1143
426, 1141
427, 1138
428, 1139
429, 1169
430, 1160
431, 1154
432, 1155
433, 1163
434, 1213
435, 1177
436, 1182
437, 1174
438, 1141
439, 1141
440, 1145
441, 1149
442, 1141
443, 10209
444, 1311
445, 1216
446, 1199
447, 1241
448, 1220
449, 1225
450, 1201
451, 1204
452, 3663
453, 1354
454, 1263
455, 1223
456, 1226
457, 1199
458, 1200
459, 1178
460, 1197
461, 1210
462, 1197
463, 1202
464, 1362
465, 1279
466, 1221
467, 1253
468, 1238
469, 1579
470, 1292
471, 1174
472, 1178
473, 1207
474, 2018
475, 2098
476, 3079
477, 3216
478, 3125
479, 2796
480, 3110
481, 2890
482, 3338
483, 3208
484, 3175
485, 3539
486, 3089
487, 3261
488, 2866
489, 3008
490, 2894
491, 3008
492, 3208
493, 6183
494, 17705
495, 832
496, 450
497, 493
498, 448
499, 818
500, 371
501, 449
502, 463
503, 515
504, 347
505, 714
506, 470
507, 486
508, 443
509, 434
510, 333
511, 528
512, 543
513, 394
514, 435
515, 543
516, 362
517, 402
518, 509
519, 453
520, 529
521, 358
522, 365
523, 776
524, 481
525, 399
526, 477
527, 669
528, 416
529, 919
530, 622
531, 468
532, 477
533, 494
534, 370
535, 405
536, 439
537, 380
538, 760
539, 448
540, 611
541, 560
542, 486
543, 526
544, 1182
545, 521
546, 502
547, 447
548, 473
549, 504
550, 569
551, 653
552, 481
553, 390
554, 461
555, 718
556, 399
557, 340
558, 374
559, 602
560, 530
561, 462
562, 550
563, 640
564, 238
565, 235
566, 261
567, 251
568, 246
569, 243
570, 265
571, 240
572, 253
573, 240
574, 256
575, 245
576, 254
577, 235
578, 254
579, 228
580, 512
581, 266
582, 260
583, 260
584, 299
585, 243
586, 286
587, 247
588, 267
589, 227
590, 259
591, 228
592, 256
593, 236
594, 267
595, 235
596, 269
597, 229
598, 275
599, 243
600, 274
