Löporder, Tid (mikrosekund) 
1, 76765
2, 30743
3, 14066
4, 13856
5, 7891
6, 6530
7, 1204
8, 1103
9, 1108
10, 1105
11, 1097
12, 1119
13, 1081
14, 1089
15, 1082
16, 1106
17, 1070
18, 1051
19, 13154
20, 1208
21, 1108
22, 1054
23, 1228
24, 1087
25, 1112
26, 1353
27, 1119
28, 1109
29, 1123
30, 2247
31, 1103
32, 1070
33, 9940
34, 1147
35, 1046
36, 1043
37, 1058
38, 1069
39, 1083
40, 1045
41, 1070
42, 1039
43, 1053
44, 1034
45, 1063
46, 1066
47, 1041
48, 1045
49, 1088
50, 1048
51, 1075
52, 1051
53, 1073
54, 1047
55, 1046
56, 1919
57, 1136
58, 1111
59, 1091
60, 1197
61, 1090
62, 1098
63, 1115
64, 1098
65, 1081
66, 1103
67, 1086
68, 1100
69, 1095
70, 1092
71, 1076
72, 1083
73, 1101
74, 1079
75, 1123
76, 1078
77, 1079
78, 1103
79, 1101
80, 1091
81, 1114
82, 1095
83, 1077
84, 1099
85, 1091
86, 1092
87, 1074
88, 1102
89, 1086
90, 1078
91, 1067
92, 2831
93, 1130
94, 1093
95, 1074
96, 1076
97, 1079
98, 1057
99, 1099
100, 1079
101, 1099
102, 1078
103, 1112
104, 1052
105, 1066
106, 1083
107, 1079
108, 1115
109, 1077
110, 1088
111, 1398
112, 1128
113, 1117
114, 1146
115, 1092
116, 1104
117, 1101
118, 1103
119, 1076
120, 1081
121, 1106
122, 1092
123, 1075
124, 1075
125, 1094
126, 1108
127, 1111
128, 1098
129, 1076
130, 6451
131, 1319
132, 1175
133, 1138
134, 1127
135, 1120
136, 1116
137, 1131
138, 1094
139, 1086
140, 1087
141, 1100
142, 1101
143, 9985
144, 1118
145, 1100
146, 1083
147, 1229
148, 1096
149, 1077
150, 1078
151, 1075
152, 1064
153, 1064
154, 1068
155, 1078
156, 1075
157, 1093
158, 2146
159, 9976
160, 9884
161, 1142
162, 1703
163, 1140
164, 10155
165, 2920
166, 1123
167, 1084
168, 1122
169, 1107
170, 1091
171, 1081
172, 1079
173, 1073
174, 1083
175, 1129
176, 1104
177, 1103
178, 1083
179, 1091
180, 1096
181, 1070
182, 1086
183, 1098
184, 1072
185, 1080
186, 1083
187, 1077
188, 1104
189, 1061
190, 1078
191, 1071
192, 1095
193, 1075
194, 1087
195, 1067
196, 1070
197, 1068
198, 1069
199, 1076
200, 1079
201, 1077
202, 1089
203, 1062
204, 1090
205, 1080
206, 1069
207, 1073
208, 1080
209, 1091
210, 1072
211, 1076
212, 1094
213, 1066
214, 1337
215, 1129
216, 1115
217, 1059
218, 1084
219, 1065
220, 1069
221, 1111
222, 1071
223, 1066
224, 1079
225, 1064
226, 1079
227, 1059
228, 1059
229, 1064
230, 1080
231, 10058
232, 1139
233, 1101
234, 1095
235, 1100
236, 1108
237, 1110
238, 11495
239, 1158
240, 1099
241, 1069
242, 1099
243, 1089
244, 1096
245, 1063
246, 1208
247, 10193
248, 1184
249, 1131
250, 1121
251, 1123
252, 1125
253, 1121
254, 1122
255, 1122
256, 1123
257, 1111
258, 10074
259, 1092
260, 1096
261, 1087
262, 1099
263, 1086
264, 1702
265, 1219
266, 1121
267, 1273
268, 1096
269, 1106
270, 1108
271, 1067
272, 1123
273, 1110
274, 1083
275, 1100
276, 1090
277, 1127
278, 1105
279, 1087
280, 1106
281, 1080
282, 1079
283, 1069
284, 1098
285, 1077
286, 2443
287, 1098
288, 1078
289, 1056
290, 1078
291, 1171
292, 1083
293, 1090
294, 1089
295, 1091
296, 1105
297, 1100
298, 1099
299, 1113
300, 1099
301, 1125
302, 1091
303, 1092
304, 1107
305, 1088
306, 1105
307, 1094
308, 1105
309, 1109
310, 1097
311, 2180
312, 1165
313, 1143
314, 1084
315, 1088
316, 1309
317, 1105
318, 1111
319, 1113
320, 1084
321, 1093
322, 1078
323, 1095
324, 1094
325, 1083
326, 1087
327, 1070
328, 1308
329, 1153
330, 1180
331, 1159
332, 1156
333, 1159
334, 10017
335, 1128
336, 1111
337, 1093
338, 1083
339, 1079
340, 1103
341, 1095
342, 1126
343, 1088
344, 1083
345, 1084
346, 1122
347, 1089
348, 1114
349, 1114
350, 1175
351, 1260
352, 1125
353, 1120
354, 1113
355, 1115
356, 1131
357, 1110
358, 1109
359, 1112
360, 1100
361, 1110
362, 1112
363, 1103
364, 1123
365, 1115
366, 1104
367, 2931
368, 1342
369, 1165
370, 1180
371, 1189
372, 1127
373, 1129
374, 1127
375, 1139
376, 1143
377, 1118
378, 1108
379, 1119
380, 1145
381, 1141
382, 1112
383, 1140
384, 4152
385, 1264
386, 1249
387, 1147
388, 1099
389, 1125
390, 1121
391, 1121
392, 1139
393, 1119
394, 1133
395, 1098
396, 1094
397, 1109
398, 1111
399, 1256
400, 1139
401, 1121
402, 1113
403, 1114
404, 1169
405, 1113
406, 1130
407, 1115
408, 1098
409, 1101
410, 1100
411, 1095
412, 1114
413, 1114
414, 1962
415, 1158
416, 1099
417, 1117
418, 14628
419, 1665
420, 1179
421, 1142
422, 1137
423, 1146
424, 1122
425, 1120
426, 1120
427, 1120
428, 1124
429, 1142
430, 1427
431, 1145
432, 1121
433, 1108
434, 1156
435, 1106
436, 1089
437, 1135
438, 1102
439, 1093
440, 1119
441, 1106
442, 1152
443, 1118
444, 1093
445, 1080
446, 1099
447, 1104
448, 1091
449, 1120
450, 1115
451, 1126
452, 1094
453, 1084
454, 1088
455, 1100
456, 1116
457, 4172
458, 1221
459, 1144
460, 1107
461, 1112
462, 1119
463, 1108
464, 1092
465, 1098
466, 1121
467, 1118
468, 1138
469, 1628
470, 1201
471, 1174
472, 1120
473, 1129
474, 1140
475, 1107
476, 1150
477, 1106
478, 1106
479, 1117
480, 1105
481, 1121
482, 1106
483, 1116
484, 1106
485, 1103
486, 1102
487, 1112
488, 1116
489, 1112
490, 1110
491, 1112
492, 1120
493, 1114
494, 1146
495, 1145
496, 1131
497, 1150
498, 1123
499, 1125
500, 1173
501, 1173
502, 1129
503, 1121
504, 1151
505, 1122
506, 1118
507, 1133
508, 1147
509, 1136
510, 1142
511, 1127
512, 1112
513, 1126
514, 1120
515, 1128
516, 1114
517, 1118
518, 1115
519, 1112
520, 1286
521, 1145
522, 2966
523, 1130
524, 1111
525, 1096
526, 1086
527, 1086
528, 1090
529, 1096
530, 1081
531, 2409
532, 1109
533, 1160
534, 1109
535, 1089
536, 1089
537, 1104
538, 1191
539, 1113
540, 1116
541, 1101
542, 1891
543, 1116
544, 1102
545, 1084
546, 1121
547, 1088
548, 1124
549, 1080
550, 1087
551, 1114
552, 1095
553, 1086
554, 1107
555, 1093
556, 1078
557, 1080
558, 1095
559, 1078
560, 1099
561, 1085
562, 1119
563, 1088
564, 1095
565, 1107
566, 1135
567, 1071
568, 1099
569, 1083
570, 1086
571, 1311
572, 1173
573, 1138
574, 1128
575, 1110
576, 1112
577, 1109
578, 1128
579, 1137
580, 1094
581, 1102
582, 1093
583, 1108
584, 1143
585, 1137
586, 1110
587, 1105
588, 1125
589, 1099
590, 1108
591, 1109
592, 1123
593, 1108
594, 1116
595, 1129
596, 1105
597, 1096
598, 1112
599, 1105
600, 1097
