383183
330864
312542
77870
401156
74669
292917
130061
215028
216550
317236
203971
316647
46879
253515
371413
301144
61465
321652
104644
237696
79702
34701
55091
236623
189690
70457
4955
115723
158899
163523
391771
315526
437682
190860
398832
439446
248389
196801
174985
181042
68469
163799
237809
312903
273625
345631
188408
455429
322111
284772
111039
156519
190748
327406
261394
430412
93281
60996
225575
207189
157192
375365
91498
205586
8121
415577
320895
173990
95527
208182
167662
247011
142406
418176
149567
405678
293125
222833
64336
105143
439336
394390
405266
98683
345378
385742
367264
209040
431226
19435
348095
345583
334006
380095
230408
44719
189913
252410
357136
330942
422701
273862
32182
25413
280502
154941
182333
30003
47504
88614
103894
305881
272937
324060
62943
427604
209565
312867
197644
276587
9527
205543
18520
395768
323010
15922
284509
296267
365887
118143
251852
296368
260070
134015
137398
427562
250499
364696
388437
277927
335038
166033
375988
425223
409680
263179
209539
147774
326382
442315
322638
124619
260455
54487
221015
227224
144469
127303
182771
315919
245332
190080
213364
201527
27283
382385
39520
152722
272349
333806
16739
359168
143011
386456
139996
407890
214000
181593
196380
180828
306782
426211
273626
207895
213919
12777
427369
393426
134570
317438
105207
4007
297172
285942
138921
266129
430726
328433
180114
28711
108597
73951
89362
171215
314850
451073
396095
281610
181862
182097
173713
216258
195969
302101
136199
453787
263039
82079
50570
96669
421001
110746
172005
454235
151549
81701
26043
103133
446831
299137
236820
374879
187259
231548
20804
222786
137857
30189
39097
48424
228917
95765
114702
421609
434379
78371
312500
144326
27430
189542
446313
121554
449967
5297
128940
228117
455926
167377
424338
415802
34252
108646
334299
378131
65933
304258
44688
28691
245222
384367
251495
418128
397834
229406
377145
147311
443064
358523
295917
292258
42932
343768
28413
223770
37003
325620
377862
172629
440044
251497
418318
260922
160164
85809
416630
147378
219135
279778
331588
123515
29644
291359
431203
14046
443484
16475
4500
447035
40010
370349
243708
345952
270914
41969
227075
433145
396922
305158
97556
395097
153962
286023
413538
395287
87615
380981
209892
77111
428581
150697
312425
370067
300545
357324
350657
399307
437756
277036
51805
137291
370236
314659
219580
3215
227937
158177
403255
277578
136542
88183
222938
131508
176214
108968
425714
243006
275540
409332
121472
11134
341024
242599
73980
320409
4270
158727
296382
159349
339897
456794
17957
57028
293385
70167
390481
193679
183546
416576
220173
107369
340477
330842
78562
246998
197899
285369
41916
199387
314756
11016
98762
296834
416659
369456
27091
288011
250552
187024
432312
178816
154340
88479
124116
80428
326448
455667
252746
403129
227652
188028
326905
29443
350043
120355
388093
338041
237449
134330
12868
243630
421598
121660
36817
389617
425137
286907
271672
52665
233220
123777
89772
118379
349857
418008
178811
344507
163188
394437
61316
360982
159603
342452
141583
153708
389814
79682
113073
238225
175418
388670
345669
301427
13463
88303
97059
279486
186008
226204
71649
308792
314687
274748
361466
253539
316115
401862
334059
376854
14615
387602
93755
81547
396405
250898
282903
388614
130450
126343
351402
387192
425778
345483
282519
76531
439061
30889
386026
208455
280457
53418
416213
427869
444538
43433
195488
156782
179086
338550
430416
252197
267593
354784
428964
21515
97557
125906
47858
268992
372412
3320
364190
399012
214410
343192
294139
287572
194705
105434
426431
167086
301458
396581
447137
40791
177076
103433
204576
111106
108875
342487
129330
308895
154251
394733
300569
9815
6137
300307
327852
405971
20184
454510
383623
411099
281149
442869
68149
49359
213038
22403
81980
249212
175668
94359
212425
141256
285194
229277
454000
48271
399502
265858
3688
195266
139411
10345
156599
374785
278687
245055
139337
278189
142947
378505
279705
211461
323253
47483
33239
440839
328425
273160
284755
294220
357908
32660
342349
116438
381885
172852
79211
316758
411277
8678
362130
452644
311097
361841
246331
154108
324875
262883
275373
261151
452638
365665
60688
191211
334386
257035
321499
78731
231771
178168
363728
267202
31880
152568
170899
214131
159005
67654
192706
349464
105702
356046
232464
435685
282565
231137
298840
79461
148067
50902
423463
261393
18987
361543
282569
296708
64863
74941
122506
4699
369344
236840
77119
3077
77342
50832
181442
146774
138042
131804
99001
448531
255089
311430
429135
254786
195229
109331
429809
275156
456067
66404
295938
31110
387518
186158
91178
135800
439730
342733
348140
114074
248846
74419
368465
333913
322331
79651
55734
333845
263539
24816
235527
160394
270602
210949
385827
314561
210953
245560
329108
383955
193945
117649
220038
43882
293171
138267
204539
329472
298345
189117
356224
311347
175246
429839
368312
267907
63443
187498
388228
342654
410886
454956
162112
248320
262346
225632
270086
87972
362586
416173
211175
431233
420387
104526
81830
435868
156001
85995
452806
287946
214891
379466
162272
376231
144031
377394
341794
185433
159613
426681
229046
200676
7978
341392
377953
400471
266618
440456
386444
245242
139831
353744
199861
291529
5513
155278
179963
30002
149861
107010
44890
211360
208288
102727
105326
301350
145203
338454
367445
30993
256345
99819
441402
318326
213103
436184
392578
101935
274617
275793
258130
42743
436949
297942
392768
423240
265361
147765
388936
336198
131581
426291
99251
432619
163008
293748
139216
255295
404818
258826
289987
257430
225306
156030
45182
245460
431939
263213
245007
251264
346219
317465
297695
86840
280059
380802
406824
257333
316028
403912
363588
34097
247681
13353
245315
224989
25425
1937
252484
180771
58545
174917
388492
440939
204416
37167
398234
91441
300926
394731
404350
240685
57151
361254
157951
429201
62309
158044
179508
245238
277914
11516
112845
214840
25682
425788
417114
133217
313863
296693
250054
26340
328948
282445
106708
123239
326097
41836
61642
212129
436802
130124
338298
167457
309862
344107
415759
344699
266348
294214
11129
264144
223362
402367
49113
120836
339223
191437
227248
402347
242666
418707
295669
104170
372157
153923
347909
124891
260144
29999
125556
375692
285447
456168
104947
132528
12021
134798
430986
82020
371393
30047
168722
276580
250947
25691
132855
272362
88784
223859
309665
455388
383718
448479
86035
297799
380476
239009
217503
104326
15153
105681
251515
166002
296302
271104
335746
246473
82037
219684
84273
338458
180893
442996
339306
421430
164741
65804
260387
179036
212291
316707
430803
305367
294506
178110
406943
107095
223795
114810
287
373432
385395
249431
223605
154540
435686
191515
55420
371855
327660
183320
261953
173122
363848
98864
434364
277376
228447
120259
20311
318911
11436
135656
90590
344564
180982
454626
356622
215811
301582
435342
226181
