265
411
139
476
557
302
491
732
655
836
366
35
555
507
9
290
460
719
66
205
770
656
476
261
796
465
563
52
765
667
111
364
59
850
68
721
432
577
899
804
245
607
823
65
565
35
234
938
732
490
538
596
119
945
301
393
832
734
167
797
211
336
891
920
394
243
599
127
931
857
682
888
842
535
538
378
671
89
182
5
278
182
481
835
84
457
423
967
873
836
687
243
289
451
913
622
270
754
13
924
244
67
152
837
584
703
380
263
857
766
434
166
928
136
437
489
317
611
615
120
308
753
366
178
911
8
405
757
321
282
622
402
910
986
767
527
879
67
128
818
607
369
243
691
716
143
486
103
55
817
557
913
836
452
24
6
167
677
956
524
334
648
473
702
254
372
191
21
12
659
396
315
264
437
931
84
304
131
669
73
545
290
763
72
392
802
993
838
490
686
426
234
174
486
556
425
173
396
877
473
207
282
667
859
848
429
863
264
176
262
849
629
288
174
210
222
176
151
583
594
495
786
727
308
526
56
735
86
455
881
857
191
568
799
502
87
900
28
187
530
496
841
805
911
684
800
705
829
685
697
206
678
699
108
124
148
733
433
281
579
582
468
695
540
647
457
819
892
151
241
653
312
659
377
168
155
150
164
174
846
18
840
294
190
463
982
950
636
150
865
714
588
451
378
446
814
483
791
12
72
362
363
420
325
649
148
623
770
830
421
782
520
709
187
821
134
168
397
712
244
206
467
57
784
333
344
444
807
933
194
184
195
285
797
353
586
966
126
619
450
269
814
505
17
661
802
8
167
434
464
200
758
723
61
416
777
678
480
628
112
807
826
997
20
732
686
933
991
463
42
391
159
639
558
956
50
479
195
315
27
992
408
948
123
831
221
945
559
936
76
473
713
597
723
699
5
914
1
366
64
689
22
43
460
456
941
882
972
186
677
792
902
731
54
186
53
299
113
618
278
262
601
90
654
747
752
506
916
371
265
123
730
438
171
875
195
807
623
187
486
532
206
866
323
428
273
416
480
188
85
470
553
965
604
526
978
390
857
979
757
135
90
411
785
453
351
727
289
907
323
885
324
14
509
372
685
513
761
883
350
586
61
531
154
254
29
920
249
807
727
311
423
221
955
427
304
485
900
148
722
595
238
13
530
17
223
504
804
465
218
102
456
771
35
570
73
839
964
465
62
420
232
263
559
83
610
643
50
615
993
909
455
612
986
80
117
835
609
529
561
493
180
337
114
486
999
38
352
652
275
378
742
950
356
142
429
333
840
307
341
708
340
212
641
194
936
360
778
46
7
724
750
173
629
979
246
618
275
851
972
643
918
353
396
779
766
677
156
396
418
893
903
438
441
282
282
107
173
157
81
509
955
631
434
419
873
202
851
634
952
701
545
243
186
763
818
157
890
645
65
758
681
27
862
702
611
665
420
128
151
996
943
750
84
760
792
614
862
851
259
498
151
761
532
679
141
847
238
765
284
228
48
695
933
856
612
642
929
884
190
837
342
670
195
716
83
29
937
41
526
72
863
517
212
43
763
804
715
915
768
590
331
95
8
710
686
337
588
836
330
10
517
149
933
714
356
425
692
230
290
41
846
96
73
333
422
669
935
615
611
516
510
689
628
880
539
359
40
598
256
736
817
702
354
544
356
263
201
528
673
462
926
144
536
947
432
126
695
423
706
935
254
425
832
25
210
914
324
205
234
871
393
342
676
166
525
147
247
715
201
312
98
397
564
911
866
278
44
562
184
793
624
248
556
394
876
156
32
426
928
972
154
696
296
205
833
328
863
766
77
759
588
592
375
520
323
566
66
646
746
577
301
383
232
710
775
974
792
810
717
297
205
641
390
101
322
783
239
929
571
899
888
69
418
295
235
295
784
347
587
961
761
168
447
924
172
690
486
423
65
796
762
552
735
737
752
127
920
653
905
352
767
407
45
973
995
992
193
389
922
808
449
580
476
36
571
348
906
120
359
154
233
352
290
909
994
310
97
104
616
143
132
516
454
886
601
788
459
807
469
98
498
938
756
313
940
616
320
368
782
98
759
249
82
860
572
953
588
657
790
512
437
7
594
389
151
102
804
504
296
80
154
854
602
70
913
337
829
905
378
155
688
605
909
6
440
459
26
184
953
121
234
878
226
194
772
145
584
461
916
113
694
133
786
823
753
506
701
983
26
899
781
425
48
498
737
887
603
90
657
146
954
438
673
79
829
489
352
771
991
847
627
130
377
812
755
564
966
178
604
906
369
460
921
660
200
477
313
550
25
