Löporder, Tid (mikrosekund) 
1, 2238
2, 298
3, 220
4, 228
5, 226
6, 229
7, 230
8, 220
9, 220
10, 224
11, 230
12, 231
13, 230
14, 232
15, 224
16, 227
17, 222
18, 226
19, 231
20, 230
21, 219
22, 220
23, 232
24, 219
25, 225
26, 232
27, 233
28, 217
29, 222
30, 222
31, 230
32, 221
33, 230
34, 231
35, 229
36, 222
37, 231
38, 216
39, 227
40, 225
41, 226
42, 230
43, 225
44, 222
45, 512
46, 269
47, 221
48, 216
49, 218
50, 223
51, 215
52, 215
53, 213
54, 210
55, 219
56, 219
57, 212
58, 214
59, 214
60, 215
61, 222
62, 225
63, 543
64, 276
65, 229
66, 229
67, 228
68, 207
69, 210
70, 213
71, 223
72, 216
73, 224
74, 224
75, 224
76, 215
77, 222
78, 216
79, 219
80, 211
81, 220
82, 213
83, 214
84, 215
85, 221
86, 212
87, 219
88, 545
89, 386
90, 418
91, 371
92, 319
93, 232
94, 246
95, 239
96, 221
97, 217
98, 228
99, 219
100, 226
101, 249
102, 225
103, 221
104, 218
105, 230
106, 219
107, 237
108, 231
109, 238
110, 236
111, 225
112, 234
113, 224
114, 233
115, 226
116, 241
117, 224
118, 240
119, 227
120, 243
121, 225
122, 242
123, 226
124, 421
125, 250
126, 243
127, 235
128, 239
129, 232
130, 216
131, 226
132, 233
133, 239
134, 222
135, 245
136, 227
137, 232
138, 219
139, 237
140, 228
141, 231
142, 231
143, 241
144, 222
145, 234
146, 228
147, 244
148, 234
149, 236
150, 222
151, 241
152, 226
153, 231
154, 229
155, 239
156, 218
157, 237
158, 241
159, 220
160, 256
161, 230
162, 232
163, 219
164, 230
165, 227
166, 233
167, 227
168, 238
169, 235
170, 1956
171, 247
172, 225
173, 233
174, 220
175, 231
176, 222
177, 218
178, 218
179, 223
180, 223
181, 420
182, 230
183, 251
184, 244
185, 227
186, 236
187, 235
188, 245
189, 220
190, 232
191, 213
192, 239
193, 228
194, 230
195, 227
196, 218
197, 223
198, 232
199, 229
200, 236
201, 214
202, 216
203, 226
204, 219
205, 234
206, 221
207, 235
208, 226
209, 231
210, 223
211, 234
212, 221
213, 218
214, 212
215, 235
216, 222
217, 220
218, 210
219, 228
220, 218
221, 233
222, 220
223, 230
224, 219
225, 221
226, 219
227, 220
228, 229
229, 223
230, 209
231, 230
232, 217
233, 230
234, 216
235, 232
236, 214
237, 229
238, 415
239, 236
240, 252
241, 233
242, 277
243, 239
244, 241
245, 229
246, 241
247, 219
248, 230
249, 216
250, 239
251, 435
252, 252
253, 234
254, 264
255, 256
256, 267
257, 241
258, 240
259, 221
260, 230
261, 227
262, 238
263, 224
264, 232
265, 219
266, 241
267, 222
268, 238
269, 217
270, 236
271, 227
272, 235
273, 228
274, 241
275, 411
276, 243
277, 282
278, 226
279, 238
280, 212
281, 234
282, 229
283, 225
284, 230
285, 236
286, 224
287, 239
288, 226
289, 238
290, 227
291, 240
292, 227
293, 235
294, 405
295, 245
296, 247
297, 263
298, 219
299, 229
300, 229
301, 228
302, 222
303, 217
304, 237
305, 221
306, 239
307, 216
308, 228
309, 228
310, 235
311, 230
312, 233
313, 229
314, 233
315, 226
316, 239
317, 306
318, 299
319, 242
320, 250
321, 341
322, 245
323, 238
324, 239
325, 235
326, 223
327, 225
328, 227
329, 236
330, 217
331, 228
332, 216
333, 236
334, 217
335, 221
336, 227
337, 223
338, 226
339, 238
340, 226
341, 229
342, 225
343, 229
344, 227
345, 224
346, 227
347, 241
348, 237
349, 230
350, 224
351, 399
352, 244
353, 230
354, 283
355, 237
356, 261
357, 229
358, 271
359, 236
360, 263
361, 233
362, 253
363, 230
364, 235
365, 239
366, 224
367, 233
368, 236
369, 218
370, 236
371, 231
372, 228
373, 229
374, 222
375, 219
376, 221
377, 232
378, 220
379, 230
380, 221
381, 228
382, 227
383, 230
384, 222
385, 221
386, 225
387, 222
388, 231
389, 222
390, 234
391, 233
392, 227
393, 228
394, 222
395, 233
396, 221
397, 232
398, 219
399, 228
400, 221
401, 234
402, 228
403, 233
404, 220
405, 222
406, 227
407, 232
408, 1117
409, 251
410, 274
411, 237
412, 229
413, 246
414, 255
415, 253
416, 215
417, 228
418, 250
419, 212
420, 241
421, 219
422, 245
423, 212
424, 249
425, 277
426, 255
427, 249
428, 245
429, 212
430, 243
431, 214
432, 245
433, 212
434, 246
435, 219
436, 248
437, 219
438, 246
439, 211
440, 246
441, 223
442, 250
443, 214
444, 246
445, 212
446, 245
447, 218
448, 254
449, 216
450, 245
451, 216
452, 245
453, 219
454, 244
455, 213
456, 245
457, 223
458, 251
459, 214
460, 245
461, 213
462, 251
463, 214
464, 245
465, 557
466, 257
467, 243
468, 251
469, 242
470, 253
471, 225
472, 253
473, 223
474, 251
475, 219
476, 250
477, 232
478, 253
479, 225
480, 249
481, 227
482, 282
483, 269
484, 232
485, 241
486, 226
487, 236
488, 231
489, 229
490, 222
491, 228
492, 229
493, 230
494, 228
495, 223
496, 230
497, 229
498, 224
499, 223
500, 229
501, 230
502, 223
503, 230
504, 231
505, 229
506, 220
507, 228
508, 229
509, 223
510, 223
511, 229
512, 231
513, 223
514, 231
515, 228
516, 232
517, 237
518, 308
519, 248
520, 231
521, 260
522, 485
523, 260
524, 237
525, 225
526, 232
527, 211
528, 220
529, 226
530, 293
531, 245
532, 235
533, 261
534, 246
535, 237
536, 231
537, 226
538, 250
539, 231
540, 253
541, 231
542, 218
543, 229
544, 259
545, 259
546, 222
547, 239
548, 335
549, 250
550, 261
551, 369
552, 211
553, 224
554, 233
555, 264
556, 220
557, 248
558, 216
559, 256
560, 212
561, 304
562, 268
563, 215
564, 247
565, 217
566, 258
567, 221
568, 250
569, 218
570, 247
571, 223
572, 250
573, 270
574, 238
575, 268
576, 230
577, 268
578, 229
579, 410
580, 253
581, 258
582, 238
583, 225
584, 236
585, 222
586, 261
587, 229
588, 258
589, 230
590, 312
591, 249
592, 235
593, 241
594, 223
595, 231
596, 230
597, 233
598, 230
599, 225
600, 232
