Löporder, Tid (mikrosekund) 
1, 2189
2, 418
3, 318
4, 316
5, 317
6, 317
7, 316
8, 315
9, 310
10, 318
11, 320
12, 310
13, 1514
14, 333
15, 339
16, 339
17, 338
18, 321
19, 316
20, 313
21, 309
22, 313
23, 312
24, 312
25, 340
26, 322
27, 319
28, 312
29, 323
30, 318
31, 319
32, 323
33, 320
34, 316
35, 319
36, 310
37, 314
38, 317
39, 316
40, 311
41, 315
42, 397
43, 313
44, 306
45, 302
46, 312
47, 305
48, 308
49, 305
50, 306
51, 308
52, 304
53, 304
54, 9057
55, 358
56, 319
57, 317
58, 316
59, 333
60, 318
61, 310
62, 322
63, 651
64, 332
65, 299
66, 307
67, 304
68, 303
69, 306
70, 301
71, 298
72, 297
73, 297
74, 301
75, 300
76, 300
77, 296
78, 303
79, 301
80, 337
81, 318
82, 304
83, 302
84, 302
85, 300
86, 304
87, 309
88, 295
89, 306
90, 300
91, 302
92, 293
93, 304
94, 300
95, 304
96, 297
97, 301
98, 1515
99, 325
100, 302
101, 309
102, 300
103, 381
104, 310
105, 321
106, 309
107, 312
108, 313
109, 314
110, 312
111, 312
112, 311
113, 301
114, 315
115, 311
116, 350
117, 337
118, 360
119, 344
120, 354
121, 339
122, 347
123, 347
124, 515
125, 345
126, 327
127, 321
128, 322
129, 323
130, 326
131, 323
132, 325
133, 322
134, 324
135, 328
136, 331
137, 324
138, 322
139, 321
140, 323
141, 322
142, 324
143, 332
144, 327
145, 324
146, 324
147, 323
148, 319
149, 324
150, 319
151, 320
152, 321
153, 319
154, 321
155, 322
156, 321
157, 331
158, 327
159, 321
160, 317
161, 323
162, 323
163, 319
164, 325
165, 319
166, 321
167, 322
168, 319
169, 318
170, 320
171, 317
172, 323
173, 320
174, 319
175, 318
176, 321
177, 322
178, 319
179, 321
180, 505
181, 328
182, 324
183, 321
184, 332
185, 323
186, 323
187, 321
188, 321
189, 324
190, 320
191, 322
192, 324
193, 321
194, 323
195, 323
196, 325
197, 323
198, 322
199, 320
200, 323
201, 320
202, 323
203, 318
204, 321
205, 319
206, 320
207, 320
208, 323
209, 321
210, 319
211, 320
212, 321
213, 322
214, 325
215, 330
216, 325
217, 414
218, 349
219, 353
220, 312
221, 299
222, 308
223, 305
224, 316
225, 311
226, 313
227, 313
228, 307
229, 302
230, 307
231, 309
232, 309
233, 303
234, 310
235, 313
236, 310
237, 526
238, 356
239, 327
240, 341
241, 325
242, 330
243, 324
244, 337
245, 327
246, 323
247, 326
248, 326
249, 394
250, 396
251, 361
252, 353
253, 327
254, 333
255, 327
256, 328
257, 328
258, 327
259, 323
260, 324
261, 322
262, 324
263, 327
264, 322
265, 322
266, 325
267, 322
268, 327
269, 332
270, 332
271, 325
272, 327
273, 323
274, 335
275, 323
276, 336
277, 325
278, 334
279, 330
280, 340
281, 325
282, 327
283, 321
284, 325
285, 322
286, 334
287, 324
288, 328
289, 329
290, 326
291, 321
292, 323
293, 326
294, 524
295, 329
296, 313
297, 314
298, 308
299, 327
300, 358
301, 357
302, 342
303, 325
304, 329
305, 331
306, 329
307, 325
308, 324
309, 329
310, 325
311, 326
312, 323
313, 326
314, 322
315, 326
316, 325
317, 324
318, 324
319, 325
320, 332
321, 324
322, 324
323, 326
324, 325
325, 327
326, 323
327, 325
328, 323
329, 331
330, 323
331, 325
332, 323
333, 323
334, 326
335, 323
336, 324
337, 352
338, 331
339, 323
340, 327
341, 324
342, 322
343, 320
344, 327
345, 322
346, 323
347, 320
348, 319
349, 324
350, 334
351, 502
352, 366
353, 323
354, 310
355, 316
356, 317
357, 316
358, 322
359, 320
360, 318
361, 322
362, 325
363, 318
364, 319
365, 434
366, 361
367, 333
368, 336
369, 342
370, 335
371, 327
372, 329
373, 337
374, 330
375, 330
376, 329
377, 328
378, 336
379, 327
380, 338
381, 328
382, 337
383, 329
384, 337
385, 330
386, 333
387, 326
388, 330
389, 340
390, 329
391, 343
392, 334
393, 334
394, 334
395, 331
396, 329
397, 331
398, 330
399, 330
400, 337
401, 344
402, 335
403, 336
404, 345
405, 332
406, 344
407, 337
408, 546
409, 346
410, 322
411, 323
412, 325
413, 321
414, 408
415, 353
416, 319
417, 337
418, 347
419, 361
420, 335
421, 424
422, 330
423, 314
424, 318
425, 319
426, 312
427, 318
428, 309
429, 314
430, 309
431, 350
432, 336
433, 335
434, 342
435, 329
436, 303
437, 308
438, 316
439, 326
440, 309
441, 303
442, 299
443, 309
444, 302
445, 300
446, 310
447, 307
448, 301
449, 357
450, 395
451, 355
452, 309
453, 307
454, 322
455, 309
456, 307
457, 306
458, 395
459, 354
460, 319
461, 320
462, 361
463, 315
464, 319
465, 538
466, 346
467, 311
468, 317
469, 317
470, 307
471, 316
472, 319
473, 313
474, 314
475, 319
476, 316
477, 351
478, 447
479, 352
480, 349
481, 346
482, 350
483, 331
484, 325
485, 319
486, 321
487, 326
488, 323
489, 322
490, 456
491, 336
492, 321
493, 412
494, 354
495, 1169
496, 348
497, 337
498, 344
499, 447
500, 356
501, 333
502, 341
503, 340
504, 342
505, 363
506, 338
507, 336
508, 335
509, 341
510, 332
511, 330
512, 340
513, 344
514, 343
515, 329
516, 333
517, 337
518, 340
519, 333
520, 332
521, 340
522, 647
523, 354
524, 321
525, 331
526, 319
527, 322
528, 321
529, 327
530, 325
531, 321
532, 321
533, 320
534, 317
535, 320
536, 320
537, 320
538, 320
539, 320
540, 320
541, 322
542, 319
543, 316
544, 320
545, 321
546, 319
547, 319
548, 319
549, 322
550, 319
551, 319
552, 316
553, 318
554, 319
555, 320
556, 323
557, 322
558, 319
559, 322
560, 318
561, 318
562, 319
563, 319
564, 319
565, 318
566, 320
567, 320
568, 318
569, 321
570, 320
571, 321
572, 319
573, 319
574, 320
575, 319
576, 448
577, 363
578, 337
579, 1679
580, 745
581, 658
582, 510
583, 523
584, 480
585, 438
586, 420
587, 428
588, 425
589, 417
590, 413
591, 331
592, 317
593, 316
594, 322
595, 319
596, 321
597, 321
598, 318
599, 320
600, 317
